0.043689 63
421.785917 2
0.190238 2
0.360784 4
0.148464 4
0.255851 1
0.185315 1
0.142709 1
0.392299 1
16.128121 4
0.157617 4
0.118753 4
0.403181 4
0.156495 1
0.067319 1
0.086742 1
0.075210 1
0.410394 4095
0.000095 229
0.906623 1
0.099202 1
0.146872 2
0.002335 156
0.000276 2
0.000102 169
0.000473 2
0.000178 162
0.000139 2
0.000817 63
0.574373 1
0.090041 1
0.178234 1
0.105494 2
0.006717 93
0.000292 1
0.000098 8
0.000505 2
0.000260 46
0.000488 1
0.000242 1
0.000156 1
0.000081 1
0.000208 19
0.000178 1
0.000264 25
0.000224 2
0.000230 44
0.000328 1
0.000165 1
0.000146 1
0.000282 1
0.000131 22
0.000272 1
0.000131 6
0.000151 2
0.000653 63
0.232688 1
0.075108 1
0.308669 4
0.124386 4
0.161897 1
0.085173 1
0.100500 1
0.421362 4
0.090336 1
0.107653 75
1.690284 1
0.172419 1
0.124533 1
0.095517 1
0.172170 8
